4K[1280*720],http://2409:8087:5e01:34::21:6610/ZTE_CMS/00000001000000060000000000000197/index.m3u8?IAS
4K[1280*720],http://2409:8087:5e01:34::21:6610/ZTE_CMS/00000001000000060000000000000196/index.m3u8?IAS
4K[1280*720],http://2409:8087:5e01:34::20:6610/ZTE_CMS/00000001000000060000000000000196/index.m3u8?IAS
4K[1280*720],http://2409:8087:5e01:34::20:6610/ZTE_CMS/00000001000000060000000000000197/index.m3u8?IAS
4K[1280*720],http://2409:8087:5e01:34::22:6610/ZTE_CMS/00000001000000060000000000000196/index.m3u8?IAS
4K[1280*720],http://2409:8087:5e01:34::22:6610/ZTE_CMS/00000001000000060000000000000197/index.m3u8?IAS
4K[1280*720],http://2409:8087:5e01:34::23:6610/ZTE_CMS/00000001000000060000000000000197/index.m3u8?IAS
4K[1280*720],http://2409:8087:5e01:34::23:6610/ZTE_CMS/00000001000000060000000000000196/index.m3u8?IAS
4K[1280*720],http://2409:8087:5e01:34::21:6610/ZTE_CMS/00000001000000060000000000000202/index.m3u8?IAS
4K[1280*720],http://2409:8087:5e01:34::20:6610/ZTE_CMS/00000001000000060000000000000202/index.m3u8?IAS
4K[1280*720],http://2409:8087:5e01:34::22:6610/ZTE_CMS/00000001000000060000000000000202/index.m3u8?IAS
4K[1280*720],http://2409:8087:5e01:34::23:6610/ZTE_CMS/00000001000000060000000000000202/index.m3u8?IAS
4K[1920*1080],http://2409:8087:5e01:34::21:6610/ZTE_CMS/08984400000000060000000000000441/index.m3u8?IAS
4K[1920*1080],http://2409:8087:5e01:34::20:6610/ZTE_CMS/08984400000000060000000000000441/index.m3u8?IAS
4K[1920*1080],http://2409:8087:5e01:34::22:6610/ZTE_CMS/08984400000000060000000000000441/index.m3u8?IAS
4K[3840*2160],http://2409:8087:5e01:34::23:6610/ZTE_CMS/00000001000000060000000000000459/index.m3u8?IAS
4K测试[3840*2160],http://2409:8087:5e01:34::20:6610/ZTE_CMS/00000001000000060000000000000459/index.m3u8?IAS
4K电影[3840*2160],http://2409:8087:5e01:34::22:6610/ZTE_CMS/00000001000000060000000000000459/index.m3u8?IAS
4K修复[4096*2160],http://2409:8087:2001:20:2800:0:df6e:eb14:80/PLTV/1/224/3221230920/1.m3u8
4K修复[4096*2160],http://2409:8087:2001:20:2800:0:df6e:eb15:80/PLTV/1/224/3221230920/1.m3u8
4K修复[4096*2160],http://2409:8087:2001:20:2800:0:df6e:eb15:80/wh7f454c46tw3859899175_1232992871/ott.mobaibox.com/PLTV/3/224/3221228141/index.m3u8?icpid=3&RTS=1674379680&from=40&popid=40&hms_devid=2115&prioritypopid=40&vqe=3
8K UHD[7680*4320],http://2409:8087:2001:20:2800:0:df6e:eb04:80/wh7f454c46tw1934851583_-1658503044/ott.mobaibox.com/PLTV/3/224/3221228132/index.m3u8?icpid=3&RTS=1674386345&from=40&popid=40&hms_devid=2041&prioritypopid=40&vqe=3
8K UHD[7680*4320],http://2409:8087:2001:20:2800:0:df6e:eb05:80/PLTV/1/224/3221230904/1.m3u8
ABC新闻[1280*720],https://abc-iview-mediapackagestreams-2.akamaized.net/out/v1/6e1cc6d25ec0480ea099a5399d73bc4b/index_45.m3u8
AIjazeera[1920*1080],http://live-hls-web-aja.getaj.net/AJA/index.m3u8
AIjazeera[1920*1080],http://live-hls-web-aja.getaj.net/AJA/01.m3u8
AIjazeera1280*720[1280*720],http://live-hls-web-aja.getaj.net/AJA/02.m3u8
AlJazeera[1920*1080],http://live-hls-web-aje.getaj.net/AJE/01.m3u8
Arirang TV[1920*1080],https://amdlive-ch01-ctnd-com.akamaized.net/arirang_1ch/smil:arirang_1ch.smil/chunklist_b3256000_sleng.m3u8
BesTV-4K[3840*2160],https://epg.pw/stream/05bdd4d5916a4d3a5bdbaa3b5cc37bb5fa7d4d4ff26a3f5b8326dbb622e39aa1.ctv
CCTV1 [1920*1080],http://2409:8087:2001:20:2800:0:df6e:eb0c:80/wh7f454c46tw3963514148_-902666800/ott.mobaibox.com/PLTV/3/224/3221225530/index.m3u8?icpid=3&RTS=1674379783&from=40&ocs=2_2409:8087:2001:20:2800:0:df6e:eb05_80&popid=40&hms_devid=2040&prioritypopid=40&vqe=3
CCTV1 [1920*1080],http://2409:8087:3869:8021:1001::e5:6610/PLTV/88888910/224/3221225618/index.m3u8
CCTV1 [1920*1080],http://2409:8087:3869:8021:1001::e5:6610/PLTV/88888910/224/3221225918/index.m3u8
CCTV1 [1920*1080],http://2409:8087:2001:20:2800:0:df6e:eb08:80/wh7f454c46tw1528000783_-231655737/ott.mobaibox.com/PLTV/3/224/3221228049/index.m3u8?icpid=3&RTS=1674385938&from=40&popid=40&hms_devid=2037&prioritypopid=40&vqe=3
CCTV1 [1920*1080],http://2409:8087:2001:20:2800:0:df6e:eb12:80/wh7f454c46tw3964691378_-587544707/ott.mobaibox.com/PLTV/3/224/3221227462/index.m3u8?icpid=3&RTS=1674379785&from=40&ocs=2_2409:8087:2004:20:2800:0:df6e:ec0d_80&popid=40&hms_devid=2112&prioritypopid=40&vqe=3
CCTV1 [1920*1080],http://2409:8087:2001:20:2800:0:df6e:eb12:80/wh7f454c46tw3964843858_1182658871/ott.mobaibox.com/PLTV/3/224/3221227634/index.m3u8?icpid=3&RTS=1674379785&from=40&ocs=2_2409:8087:2001:20:2800:0:df6e:eb0f_80&popid=40&hms_devid=2112&prioritypopid=40&vqe=3
CCTV1 [1920*1080],http://2409:8087:3869:8021:1001::e5:6610/PLTV/88888910/224/3221225501/index.m3u8?fmt=ts2hls
CCTV1 [1920*1080],http://2409:8087:3869:8021:1001::e5:6610/PLTV/88888910/224/3221225642/index.m3u8
CCTV1 3M1080[1920*1080],http://2409:8087:2001:20:2800:0:df6e:eb10:80/wh7f454c46tw1750297731_174117004/ott.mobaibox.com/PLTV/3/224/3221227736/index.m3u8?icpid=3&RTS=1674386160&from=40&popid=40&hms_devid=2110&prioritypopid=40&vqe=3
CCTV1 3M1080[1920*1080],http://2409:8087:2001:20:2800:0:df6e:eb11:80/wh7f454c46tw1750497522_339657307/ott.mobaibox.com/PLTV/3/224/3221227739/index.m3u8?icpid=3&RTS=1674386160&from=40&popid=40&hms_devid=2110&prioritypopid=40&vqe=3
CCTV1 4.8M[1920*1080],http://2409:8087:2001:20:2800:0:df6e:eb13:80/wh7f454c46tw3963387606_1140881910/ott.mobaibox.com/PLTV/3/224/3221227641/index.m3u8?icpid=3&RTS=1674379783&from=40&popid=40&hms_devid=2112&prioritypopid=40&vqe=3
CCTV1 4M/8M/[1920*1080],http://2409:8087:3869:8021:1001::e5:6610/PLTV/88888910/224/3221225762/index.m3u8
CCTV1 4M[1920*1080],http://2409:8087:2001:20:2800:0:df6e:eb06:80/wh7f454c46tw1527830964_-1694427992/ott.mobaibox.com/PLTV/3/224/3221228146/index.m3u8?icpid=3&RTS=1674385938&from=40&popid=40&hms_devid=2036&prioritypopid=40&vqe=3
CCTV1 4M[1920*1080],http://2409:8087:2001:20:2800:0:df6e:eb0f:80/wh7f454c46tw3964003222_765154567/ott.mobaibox.com/PLTV/3/224/3221227644/index.m3u8?icpid=3&RTS=1674379784&from=40&popid=40&hms_devid=2111&prioritypopid=40&vqe=3
CCTV1 576[1024*576],http://2409:8087:2001:20:2800:0:df6e:eb05:80/wh7f454c46tw338289729_699652441/ott.mobaibox.com/PLTV/3/224/3221227023/index.m3u8?icpid=3&RTS=1674380453&from=40&popid=40&hms_devid=2041&prioritypopid=40&vqe=3
CCTV1 576[1047*576],http://2409:8087:7000:20:1000::22:6060/yinhe/2/ch00000090990000001018/index.m3u8?virtualDomain=yinhe.live_hls.zte.com
CCTV1 8M[1920*1080],http://2409:8087:2001:20:2800:0:df6e:eb06:80/wh7f454c46tw3965487430_-634044824/ott.mobaibox.com/PLTV/3/224/3221228213/index.m3u8?icpid=3&RTS=1674379785&from=40&popid=40&hms_devid=2036&prioritypopid=40&vqe=3
CCTV1 8M[1920*1080],http://2409:8087:2001:20:2800:0:df6e:eb12:80/wh7f454c46tw3965349198_413260074/ott.mobaibox.com/PLTV/3/224/3221227725/index.m3u8?icpid=3&RTS=1674379785&from=40&ocs=2_2409:8087:2001:20:2800:0:df6e:eb10_80&popid=40&hms_devid=2112&prioritypopid=40&vqe=3
CCTV1 综合[1920*1080],http://2409:8087:2001:20:2800:0:df6e:eb02:80/wh7f454c46tw1528379826_-632121028/ott.mobaibox.com/PLTV/3/224/3221228149/index.m3u8?icpid=3&RTS=1674385938&from=40&popid=40&hms_devid=2039&prioritypopid=40&vqe=3
CCTV1 综合[1920*1080],http://39.134.66.110/PLTV/88888888/224/3221225816/index.m3u8
CCTV1 综合[1920*1080],http://dbiptv.sn.chinamobile.com/PLTV/88888890/224/3221226231/index.m3u8
CCTV1 综合[1920*1080],http://39.134.24.162/dbiptv.sn.chinamobile.com/PLTV/88888888/224/3221225804/1.m3u8
CCTV1 综合[1920*1080],http://dbiptv.sn.chinamobile.com/PLTV/88888888/224/3221226231/1.m3u8
CCTV1 综合[1920*1080],http://zteres.sn.chinamobile.com:6060/000000001000/6000000001000029752/1.m3u8?channel-id=wasusyt&Contentid=6000000001000029752&livemode=1&stbId=3
CCTV1[1920*1080],http://2409:8087:5e01:34::21:6610/ZTE_CMS/00000001000000060000000000000131/index.m3u8?IAS
CCTV1[1920*1080],http://2409:8087:5e01:34::22:6610/ZTE_CMS/00000001000000060000000000000131/index.m3u8?IAS
CCTV1[1920*1080],http://2409:8087:5e01:34::23:6610/ZTE_CMS/00000001000000060000000000000131/index.m3u8?IAS
CCTV1[1920*1080],http://2409:8087:2001:20:2800:0:df6e:eb12:80/wh7f454c46tw3964344116_67852184/ott.mobaibox.com/PLTV/3/224/3221227675/index.m3u8?icpid=3&RTS=1674379784&from=40&ocs=2_2409:8087:2001:20:2800:0:df6e:eb0f_80&popid=40&hms_devid=2112&prioritypopid=40&vqe=3
CCTV1[1920*1080],http://2409:8087:2001:20:2800:0:df6e:eb15:80/wh7f454c46tw1925441929_1417964840/ott.mobaibox.com/PLTV/3/224/3221227467/index.m3u8?icpid=3&RTS=1674386335&from=40&ocs=2_2409:8087:2004:20:2800:0:df6e:ec0d_80&popid=40&hms_devid=2115&prioritypopid=40&vqe=3
CCTV1[1920*1080],http://2409:8087:7004:20:1000::22:6610/yinhe/2/ch00000090990000001068/index.m3u8?virtualDomain=yinhe.live_hls.zte.com
CCTV1[1920*1080],http://2409:8087:7000:20:1000::22:6060/yinhe/2/ch00000090990000001068/index.m3u8?virtualDomain=yinhe.live_hls.zte.com
CCTV1[1920*1080],http://2409:8087:2001:20:2800:0:df6e:eb07:80/wh7f454c46tw1527557465_-1431215922/ott.mobaibox.com/PLTV/3/224/3221227375/index.m3u8?icpid=3&RTS=1674385937&from=40&popid=40&hms_devid=2036&prioritypopid=40&vqe=3
CCTV1[1920*1080],http://2409:8087:7000:20:1000::22:6060/yinhe/2/ch00000090990000001331/index.m3u8?virtualDomain=yinhe.live_hls.zte.com
CCTV1[1920*1080],http://2409:8087:5e01:34::20:6610/ZTE_CMS/00000001000000060000000000000131/index.m3u8?IAS
CCTV1[1920*1080],http://39.134.24.162/dbiptv.sn.chinamobile.com/PLTV/88888890/224/3221225804/index.m3u8
CCTV1[768*576],http://2409:8087:5e01:34::23:6610/ZTE_CMS/00000001000000060000000000000296/index.m3u8?IAS
CCTV-1_综合[1920*1080],http://2409:8087:7000:20::4:80/dbiptv.sn.chinamobile.com/PLTV/88888888/224/3221226231/index.m3u8
CCTV10 [1920*1080],http://2409:8087:2001:20:2800:0:df6e:eb02:80/wh7f454c46tw96144984_1004980906/ott.mobaibox.com/PLTV/3/224/3221225550/index.m3u8?icpid=3&RTS=1674380211&from=40&popid=40&hms_devid=2039&prioritypopid=40&vqe=3
CCTV10 [1920*1080],http://2409:8087:3869:8021:1001::e5:6610/PLTV/88888910/224/3221225627/index.m3u8
CCTV10 [1920*1080],http://2409:8087:2001:20:2800:0:df6e:eb0e:80/wh7f454c46tw1745481248_-2099858619/ott.mobaibox.com/PLTV/3/224/3221227620/index.m3u8?icpid=3&RTS=1674386155&from=40&popid=40&hms_devid=2111&prioritypopid=40&vqe=3
CCTV10 [1920*1080],http://2409:8087:3869:8021:1001::e5:6610/PLTV/88888910/224/3221225496/index.m3u8?fmt=ts2hls
CCTV10 [1920*1080],http://2409:8087:3869:8021:1001::e5:6610/PLTV/88888910/224/3221225636/index.m3u8
CCTV10 576[1047*576],http://2409:8087:7000:20:1000::22:6060/yinhe/2/ch00000090990000001011/index.m3u8?virtualDomain=yinhe.live_hls.zte.com
CCTV10 科教[1920*1080],http://2409:8087:2001:20:2800:0:df6e:eb02:80/wh7f454c46tw96144984_1004980906/ott.mobaibox.com/PLTV/3/224/3221225550/index.m3u8?
CCTV10 科教[1920*1080],http://2409:8087:2001:20:2800:0:df6e:eb12:80/wh7f454c46tw1536888658_607171036/ott.mobaibox.com/PLTV/3/224/3221227717/index.m3u8?
CCTV10 科教[1920*1080],http://39.134.66.110/PLTV/88888888/224/3221225677/index.m3u8
CCTV10 科教[1920*1080],http://dbiptv.sn.chinamobile.com/PLTV/88888890/224/3221226189/index.m3u8
CCTV10 科教[1920*1080],http://39.134.24.162/dbiptv.sn.chinamobile.com/PLTV/88888888/224/3221226189/1.m3u8
CCTV10 科教[1920*1080],http://ottrrs.hl.chinamobile.com/PLTV/88888888/224/3221225730/index.m3u8
CCTV10 科教[1920*1080],http://zteres.sn.chinamobile.com:6060/000000001000/5000000010000016738/1.m3u8?channel-id=bestzb&Contentid=5000000010000016738&livemode=1&stbId=3
CCTV10 科教[1920*1080],http://dbiptv.sn.chinamobile.com/PLTV/88888888/224/3221226189/1.m3u8
CCTV-10 科教[1920*1080],http://2409:8087:7000:20::4:80/dbiptv.sn.chinamobile.com/PLTV/88888888/224/3221226189/1.m3u8
CCTV10[1920*1080],http://2409:8087:5e01:34::20:6610/ZTE_CMS/00000001000000060000000000000375/index.m3u8?IAS
CCTV10[1920*1080],http://2409:8087:5e01:34::22:6610/ZTE_CMS/00000001000000060000000000000375/index.m3u8?IAS
CCTV10[1920*1080],http://2409:8087:5e01:34::21:6610/ZTE_CMS/00000001000000060000000000000375/index.m3u8?IAS
CCTV10[1920*1080],http://2409:8087:2001:20:2800:0:df6e:eb12:80/wh7f454c46tw1536888658_607171036/ott.mobaibox.com/PLTV/3/224/3221227717/index.m3u8?icpid=3&RTS=1674385947&from=40&popid=40&hms_devid=2112&prioritypopid=40&vqe=3
CCTV10[1920*1080],http://2409:8087:7004:20:1000::22:6610/yinhe/2/ch00000090990000001288/index.m3u8?virtualDomain=yinhe.live_hls.zte.com
CCTV10[1920*1080],http://2409:8087:7000:20:1000::22:6060/yinhe/2/ch00000090990000001288/index.m3u8?virtualDomain=yinhe.live_hls.zte.com
CCTV10[1920*1080],http://2409:8087:2001:20:2800:0:df6e:eb0f:80/wh7f454c46tw95978270_-803508445/ott.mobaibox.com/PLTV/3/224/3221227317/index.m3u8?icpid=3&RTS=1674380211&from=40&popid=40&hms_devid=2111&prioritypopid=40&vqe=3
CCTV10[1920*1080],http://39.134.24.162/dbiptv.sn.chinamobile.com/PLTV/88888890/224/3221226189/index.m3u8
CCTV10[768*576],http://2409:8087:5e01:34::21:6610/ZTE_CMS/00000001000000060000000000000301/index.m3u8?IAS
CCTV10[768*576],http://2409:8087:5e01:34::20:6610/ZTE_CMS/00000001000000060000000000000301/index.m3u8?IAS
CCTV10[768*576],http://2409:8087:5e01:34::23:6610/ZTE_CMS/00000001000000060000000000000301/index.m3u8?IAS
CCTV10[768*576],http://2409:8087:5e01:34::22:6610/ZTE_CMS/00000001000000060000000000000301/index.m3u8?IAS
CCTV-10_科教[1920*1080],http://2409:8087:7001:20:3::2:80/dbiptv.sn.chinamobile.com/PLTV/88888888/224/3221226189/index.m3u8
CCTV11 [1920*1080],http://2409:8087:2001:20:2800:0:df6e:eb02:80/wh7f454c46tw96989361_1897558582/ott.mobaibox.com/PLTV/3/224/3221227524/index.m3u8?icpid=3&RTS=1674380212&from=40&popid=40&hms_devid=2039&prioritypopid=40&vqe=3
CCTV11 [1920*1080],http://2409:8087:3869:8021:1001::e5:6610/PLTV/88888910/224/3221225628/index.m3u8
CCTV11 [1920*1080],http://2409:8087:2001:20:2800:0:df6e:eb0e:80/wh7f454c46tw1745802037_-1916607101/ott.mobaibox.com/PLTV/3/224/3221227384/index.m3u8?icpid=3&RTS=1674386156&from=40&popid=40&hms_devid=2111&prioritypopid=40&vqe=3
CCTV11 576[1047*576],http://2409:8087:7000:20:1000::22:6060/yinhe/2/ch00000090990000001012/index.m3u8?virtualDomain=yinhe.live_hls.zte.com
CCTV11 戏曲[1920*1080],http://2409:8087:2001:20:2800:0:df6e:eb02:80/wh7f454c46tw96989361_1897558582/ott.mobaibox.com/PLTV/3/224/3221227524/index.m3u8?
CCTV11 戏曲[1920*1080],http://2409:8087:2001:20:2800:0:df6e:eb0e:80/wh7f454c46tw1745802037_-1916607101/ott.mobaibox.com/PLTV/3/224/3221227384/index.m3u8?
CCTV11 戏曲[1920*1080],http://2409:8087:2001:20:2800:0:df6e:eb0a:80/wh7f454c46tw97298359_-1902076166/ott.mobaibox.com/PLTV/3/224/3221227720/index.m3u8?
CCTV11 戏曲[1920*1080],http://dbiptv.sn.chinamobile.com/PLTV/88888890/224/3221226240/index.m3u8
CCTV11 戏曲[1920*1080],http://zteres.sn.chinamobile.com:6060/000000001000/5000000011000031106/1.m3u8?channel-id=bestzb&Contentid=5000000011000031106&livemode=1&stbId=3
CCTV11 戏曲[1920*1080],http://dbiptv.sn.chinamobile.com/PLTV/88888888/224/3221226240/1.m3u8
CCTV11[1920*1080],http://2409:8087:5e01:34::23:6610/ZTE_CMS/00000001000000060000000000000497/index.m3u8?IAS
CCTV11[1920*1080],http://2409:8087:5e01:34::21:6610/ZTE_CMS/00000001000000060000000000000497/index.m3u8?IAS
CCTV11[1920*1080],http://2409:8087:5e01:34::20:6610/ZTE_CMS/00000001000000060000000000000497/index.m3u8?IAS
CCTV11[1920*1080],http://2409:8087:5e01:34::22:6610/ZTE_CMS/00000001000000060000000000000497/index.m3u8?IAS
CCTV11[1920*1080],http://2409:8087:2001:20:2800:0:df6e:eb0a:80/wh7f454c46tw97298359_-1902076166/ott.mobaibox.com/PLTV/3/224/3221227720/index.m3u8?icpid=3&RTS=1674380212&from=40&popid=40&hms_devid=2038&prioritypopid=40&vqe=3
CCTV11[1920*1080],http://2409:8087:7004:20:1000::22:6610/yinhe/2/ch00000090990000001327/index.m3u8?virtualDomain=yinhe.live_hls.zte.com
CCTV11[1920*1080],http://2409:8087:7000:20:1000::22:6060/yinhe/2/ch00000090990000001327/index.m3u8?virtualDomain=yinhe.live_hls.zte.com
CCTV11[768*576],http://2409:8087:5e01:34::22:6610/ZTE_CMS/00000001000000060000000000000302/index.m3u8?IAS
CCTV11[768*576],http://2409:8087:5e01:34::20:6610/ZTE_CMS/00000001000000060000000000000302/index.m3u8?IAS
CCTV11[768*576],http://2409:8087:5e01:34::23:6610/ZTE_CMS/00000001000000060000000000000302/index.m3u8?IAS
CCTV11[768*576],http://2409:8087:5e01:34::21:6610/ZTE_CMS/00000001000000060000000000000302/index.m3u8?IAS
CCTV-11_戏曲[1920*1080],http://2409:8087:7001:20:3::5:80/dbiptv.sn.chinamobile.com/PLTV/88888888/224/3221226240/index.m3u8
CCTV12 [1920*1080],http://2409:8087:2001:20:2800:0:df6e:eb0c:80/wh7f454c46tw1537965986_-156154489/ott.mobaibox.com/PLTV/3/224/3221225556/index.m3u8?icpid=3&RTS=1674385948&from=40&popid=40&hms_devid=2040&prioritypopid=40&vqe=3
CCTV12 [1920*1080],http://2409:8087:3869:8021:1001::e5:6610/PLTV/88888910/224/3221225495/index.m3u8?fmt=ts2hls
CCTV12 [1920*1080],http://2409:8087:3869:8021:1001::e5:6610/PLTV/88888910/224/3221225637/index.m3u8
CCTV12 576[1024*576],http://2409:8087:7000:20:1000::22:6060/yinhe/2/ch00000090990000001013/index.m3u8?virtualDomain=yinhe.live_hls.zte.com
CCTV12 社会与法[1920*1080],http://2409:8087:2001:20:2800:0:df6e:eb0c:80/wh7f454c46tw1537965986_-156154489/ott.mobaibox.com/PLTV/3/224/3221225556/index.m3u8?
CCTV12 社会与法[1920*1080],http://2409:8087:2001:20:2800:0:df6e:eb0a:80/wh7f454c46tw97794338_-604599203/ott.mobaibox.com/PLTV/3/224/3221227655/index.m3u8?
CCTV12 社会与法[1920*1080],http://2409:8087:2001:20:2800:0:df6e:eb0f:80/wh7f454c46tw1538188139_-1019922900/ott.mobaibox.com/PLTV/3/224/3221227637/index.m3u8?
CCTV12 社会与法[1920*1080],http://39.134.66.110/PLTV/88888888/224/3221225669/index.m3u8
CCTV12 社会与法[1920*1080],http://dbiptv.sn.chinamobile.com/PLTV/88888890/224/3221226190/index.m3u8
CCTV12 社会与法[1920*1080],http://ottrrs.hl.chinamobile.com/PLTV/88888888/224/3221225731/index.m3u8
CCTV12 社会与法[1920*1080],http://zteres.sn.chinamobile.com:6060/000000001000/6000000001000022586/1.m3u8?channel-id=wasusyt&Contentid=6000000001000022586&livemode=1&stbId=3
CCTV12 社会与法[1920*1080],http://dbiptv.sn.chinamobile.com/PLTV/88888888/224/3221226190/1.m3u8
CCTV12[1920*1080],http://2409:8087:5e01:34::20:6610/ZTE_CMS/00000001000000060000000000000377/index.m3u8?IAS
CCTV12[1920*1080],http://2409:8087:5e01:34::23:6610/ZTE_CMS/00000001000000060000000000000377/index.m3u8?IAS
CCTV12[1920*1080],http://2409:8087:5e01:34::21:6610/ZTE_CMS/00000001000000060000000000000377/index.m3u8?IAS
CCTV12[1920*1080],http://2409:8087:5e01:34::22:6610/ZTE_CMS/00000001000000060000000000000377/index.m3u8?IAS
CCTV12[1920*1080],http://2409:8087:2001:20:2800:0:df6e:eb0a:80/wh7f454c46tw97794338_-604599203/ott.mobaibox.com/PLTV/3/224/3221227655/index.m3u8?icpid=3&RTS=1674380213&from=40&popid=40&hms_devid=2038&prioritypopid=40&vqe=3
CCTV12[1920*1080],http://2409:8087:7004:20:1000::22:6610/yinhe/2/ch00000090990000001289/index.m3u8?virtualDomain=yinhe.live_hls.zte.com
CCTV12[1920*1080],http://2409:8087:7000:20:1000::22:6060/yinhe/2/ch00000090990000001289/index.m3u8?virtualDomain=yinhe.live_hls.zte.com
CCTV12[1920*1080],http://2409:8087:2001:20:2800:0:df6e:eb0f:80/wh7f454c46tw1538188139_-1019922900/ott.mobaibox.com/PLTV/3/224/3221227637/index.m3u8?icpid=3&RTS=1674385948&from=40&popid=40&hms_devid=2111&prioritypopid=40&vqe=3
CCTV12[768*576],http://2409:8087:5e01:34::20:6610/ZTE_CMS/00000001000000060000000000000303/index.m3u8?IAS
CCTV12[768*576],http://2409:8087:5e01:34::23:6610/ZTE_CMS/00000001000000060000000000000303/index.m3u8?IAS
CCTV12[768*576],http://2409:8087:5e01:34::21:6610/ZTE_CMS/00000001000000060000000000000303/index.m3u8?IAS
CCTV12[768*576],http://2409:8087:5e01:34::22:6610/ZTE_CMS/00000001000000060000000000000303/index.m3u8?IAS
CCTV-12_社会与法[1920*1080],http://2409:8087:7001:20:3::6:80/dbiptv.sn.chinamobile.com/PLTV/88888888/224/3221226190/index.m3u8
CCTV13 [1920*1080],http://2409:8087:2001:20:2800:0:df6e:eb12:80/wh7f454c46tw98664044_1212991025/ott.mobaibox.com/PLTV/3/224/3221228121/index.m3u8?icpid=3&RTS=1674380214&from=40&popid=40&hms_devid=2112&prioritypopid=40&vqe=3
CCTV13 [1920*1080],http://2409:8087:3869:8021:1001::e5:6610/PLTV/88888910/224/3221225638/index.m3u8
CCTV13 [1920*1080],http://2409:8087:2001:20:2800:0:df6e:eb16:80/wh7f454c46tw2053011790_915661497/ott.mobaibox.com/PLTV/3/224/3221228224/index.m3u8?icpid=3&RTS=1674386463&from=40&popid=40&hms_devid=2114&prioritypopid=40&vqe=3
CCTV13 576[1047*576],http://2409:8087:2001:20:2800:0:df6e:eb23:80/wh7f454c46tw2335587556_1446888173/ott.mobaibox.com/PLTV/3/224/3221228554/index.m3u8?icpid=3&RTS=1674459760&from=40&popid=40&hms_devid=2291&prioritypopid=40&vqe=3
CCTV13 576[768*576],http://2409:8087:7000:20:1000::22:6060/yinhe/2/ch00000090990000001014/index.m3u8?virtualDomain=yinhe.live_hls.zte.com
CCTV13 新闻[1920*1080],http://2409:8087:2001:20:2800:0:df6e:eb12:80/wh7f454c46tw98664044_1212991025/ott.mobaibox.com/PLTV/3/224/3221228121/index.m3u8?
CCTV13 新闻[1920*1080],http://2409:8087:2001:20:2800:0:df6e:eb15:80/wh7f454c46tw98873079_-1249323947/ott.mobaibox.com/PLTV/3/224/3221227387/index.m3u8?
CCTV13 新闻[1920*1080],http://2409:8087:2001:20:2800:0:df6e:eb16:80/wh7f454c46tw2053011790_915661497/ott.mobaibox.com/PLTV/3/224/3221228224/index.m3u8?
CCTV13 新闻[1920*1080],http://ottrrs.hl.chinamobile.com/PLTV/88888888/224/3221226537/index.m3u8
CCTV13 新闻[1920*1080],http://zteres.sn.chinamobile.com:6060/000000001000/5000000005000001827/1.m3u8?channel-id=bestzb&Contentid=5000000005000001827&livemode=1&stbId=3
CCTV13 新闻[1920*1080],http://dbiptv.sn.chinamobile.com/PLTV/88888890/224/3221226233/index.m3u8
CCTV13 新闻[1920*1080],http://dbiptv.sn.chinamobile.com/PLTV/88888888/224/3221226233/1.m3u8
CCTV-13 新闻[1920*1080],http://2409:8087:7000:20::4:80/dbiptv.sn.chinamobile.com/PLTV/88888888/224/3221226233/1.m3u8
CCTV13[1920*1080],http://2409:8087:5e01:34::22:6610/ZTE_CMS/00000001000000060000000000000516/index.m3u8?IAS
CCTV13[1920*1080],http://2409:8087:5e01:34::20:6610/ZTE_CMS/00000001000000060000000000000516/index.m3u8?IAS
CCTV13[1920*1080],http://2409:8087:5e01:34::21:6610/ZTE_CMS/00000001000000060000000000000516/index.m3u8?IAS
CCTV13[1920*1080],http://2409:8087:5e01:34::23:6610/ZTE_CMS/00000001000000060000000000000516/index.m3u8?IAS
CCTV13[1920*1080],http://2409:8087:2001:20:2800:0:df6e:eb0f:80/wh7f454c46tw1538464012_-199930895/ott.mobaibox.com/PLTV/3/224/3221225560/index.m3u8?icpid=3&RTS=1674385948&from=40&popid=40&hms_devid=2111&prioritypopid=40&vqe=3
CCTV13[1920*1080],http://2409:8087:7004:20:1000::22:6610/yinhe/2/ch00000090990000001328/index.m3u8?virtualDomain=yinhe.live_hls.zte.com
CCTV13[1920*1080],http://2409:8087:7000:20:1000::22:6060/yinhe/2/ch00000090990000001328/index.m3u8?virtualDomain=yinhe.live_hls.zte.com
CCTV13[1920*1080],http://2409:8087:2001:20:2800:0:df6e:eb15:80/wh7f454c46tw98873079_-1249323947/ott.mobaibox.com/PLTV/3/224/3221227387/index.m3u8?icpid=3&RTS=1674380214&from=40&ocs=2_2409:8087:2004:20:2800:0:df6e:ec13_80&popid=40&hms_devid=2115&prioritypopid=40&vqe=3
CCTV13[1920*1080],http://2409:8087:2001:20:2800:0:df6e:eb17:80/ott.mobaibox.com/PLTV/4/224/3221227387/index.m3u8
CCTV13[1920*1080],http://39.134.24.162/dbiptv.sn.chinamobile.com/PLTV/88888890/224/3221226233/index.m3u8
CCTV13[768*576],http://2409:8087:5e01:34::21:6610/ZTE_CMS/00000001000000060000000000000338/index.m3u8?IAS
CCTV13[768*576],http://2409:8087:5e01:34::20:6610/ZTE_CMS/00000001000000060000000000000338/index.m3u8?IAS
CCTV13[768*576],http://2409:8087:5e01:34::23:6610/ZTE_CMS/00000001000000060000000000000338/index.m3u8?IAS
CCTV13[768*576],http://2409:8087:5e01:34::22:6610/ZTE_CMS/00000001000000060000000000000338/index.m3u8?IAS
CCTV-13_新闻[1920*1080],http://2409:8087:7001:20:3::2:80/dbiptv.sn.chinamobile.com/PLTV/88888888/224/3221226233/index.m3u8
CCTV14 [1920*1080],http://2409:8087:2001:20:2800:0:df6e:eb0c:80/wh7f454c46tw1538868426_-568781539/ott.mobaibox.com/PLTV/3/224/3221227201/index.m3u8?icpid=3&RTS=1674385949&from=40&popid=40&hms_devid=2040&prioritypopid=40&vqe=3
CCTV14 [1920*1080],http://2409:8087:3869:8021:1001::e5:6610/PLTV/88888910/224/3221225639/index.m3u8
CCTV14 [1920*1080],http://2409:8087:3869:8021:1001::e5:6610/PLTV/88888910/224/3221225494/index.m3u8?fmt=ts2hls
CCTV14 [1920*1080],http://2409:8087:3869:8021:1001::e5:6610/PLTV/88888910/224/3221225640/index.m3u8
CCTV14 576[1024*576],http://2409:8087:7000:20:1000::22:6060/yinhe/2/ch00000090990000001019/index.m3u8?virtualDomain=yinhe.live_hls.zte.com
CCTV14 576[1024*576],http://2409:8087:2001:20:2800:0:df6e:eb21:80/wh7f454c46tw1355419365_1415428603/ott.mobaibox.com/PLTV/3/224/3221228489/index.m3u8?icpid=3&RTS=1674463075&from=40&popid=40&hms_devid=2290&prioritypopid=40&vqe=3
CCTV14 少儿[1920*1080],http://2409:8087:2001:20:2800:0:df6e:eb0c:80/wh7f454c46tw1538868426_-568781539/ott.mobaibox.com/PLTV/3/224/3221227201/index.m3u8?
CCTV14 少儿[1920*1080],http://2409:8087:2001:20:2800:0:df6e:eb0a:80/wh7f454c46tw1746129949_-891071668/ott.mobaibox.com/PLTV/3/224/3221227656/index.m3u8?
CCTV14 少儿[1920*1080],http://2409:8087:2001:20:2800:0:df6e:eb0e:80/wh7f454c46tw1163769185_740775021/ott.mobaibox.com/PLTV/3/224/3221227693/index.m3u8?
CCTV14 少儿[1920*1080],http://39.134.66.110/PLTV/88888888/224/3221225674/index.m3u8
CCTV14 少儿[1920*1080],http://ottrrs.hl.chinamobile.com/PLTV/88888888/224/3221225732/index.m3u8
CCTV14 少儿[1920*1080],http://zteres.sn.chinamobile.com:6060/000000001000/6000000001000013647/1.m3u8?channel-id=wasusyt&Contentid=6000000001000013647&livemode=1&stbId=3
CCTV14 少儿[1920*1080],http://dbiptv.sn.chinamobile.com/PLTV/88888888/224/3221226193/1.m3u8
CCTV14[1920*1080],http://2409:8087:5e01:34::23:6610/ZTE_CMS/00000001000000060000000000000378/index.m3u8?IAS
CCTV14[1920*1080],http://2409:8087:5e01:34::22:6610/ZTE_CMS/00000001000000060000000000000378/index.m3u8?IAS
CCTV14[1920*1080],http://2409:8087:5e01:34::21:6610/ZTE_CMS/00000001000000060000000000000378/index.m3u8?IAS
CCTV14[1920*1080],http://2409:8087:5e01:34::20:6610/ZTE_CMS/00000001000000060000000000000378/index.m3u8?IAS
CCTV14[1920*1080],http://2409:8087:2001:20:2800:0:df6e:eb0a:80/wh7f454c46tw1746129949_-891071668/ott.mobaibox.com/PLTV/3/224/3221227656/index.m3u8?icpid=3&RTS=1674386156&from=40&popid=40&hms_devid=2038&prioritypopid=40&vqe=3
CCTV14[1920*1080],http://2409:8087:7004:20:1000::22:6610/yinhe/2/ch00000090990000001292/index.m3u8?virtualDomain=yinhe.live_hls.zte.com
CCTV14[1920*1080],http://2409:8087:7000:20:1000::22:6060/yinhe/2/ch00000090990000001292/index.m3u8?virtualDomain=yinhe.live_hls.zte.com
CCTV14[1920*1080],http://2409:8087:2001:20:2800:0:df6e:eb0e:80/wh7f454c46tw1163769185_740775021/ott.mobaibox.com/PLTV/3/224/3221227693/index.m3u8?icpid=3&RTS=1674381279&from=40&popid=40&hms_devid=2111&prioritypopid=40&vqe=3
CCTV14[768*576],http://2409:8087:5e01:34::22:6610/ZTE_CMS/00000001000000060000000000000336/index.m3u8?IAS
CCTV14[768*576],http://2409:8087:5e01:34::20:6610/ZTE_CMS/00000001000000060000000000000336/index.m3u8?IAS
CCTV14[768*576],http://2409:8087:5e01:34::21:6610/ZTE_CMS/00000001000000060000000000000336/index.m3u8?IAS
CCTV14[768*576],http://2409:8087:5e01:34::23:6610/ZTE_CMS/00000001000000060000000000000336/index.m3u8?IAS
CCTV-14_少儿[1920*1080],http://2409:8087:7001:20:3::2:80/dbiptv.sn.chinamobile.com/PLTV/88888888/224/3221226193/index.m3u8
CCTV15 3.5M1080[1920*1080],http://2409:8087:2001:20:2800:0:df6e:eb02:80/wh7f454c46tw1206123286_628792276/ott.mobaibox.com/PLTV/3/224/3221227538/index.m3u8?icpid=3&RTS=1674381321&from=40&popid=40&hms_devid=2039&prioritypopid=40&vqe=3
CCTV15 3.5M1080[1920*1080],http://2409:8087:3869:8021:1001::e5:6610/PLTV/88888910/224/3221225641/index.m3u8
CCTV15 576[1047*576],http://2409:8087:2001:20:2800:0:df6e:eb14:80/wh7f454c46tw338630035_1246425450/ott.mobaibox.com/PLTV/3/224/3221225817/index.m3u8?icpid=3&RTS=1674380454&from=40&popid=40&hms_devid=2115&prioritypopid=40&vqe=3
CCTV15 音乐[1920*1080],http://2409:8087:2001:20:2800:0:df6e:eb02:80/wh7f454c46tw1206123286_628792276/ott.mobaibox.com/PLTV/3/224/3221227538/index.m3u8?
CCTV15 音乐[1920*1080],http://2409:8087:2001:20:2800:0:df6e:eb0a:80/wh7f454c46tw2053177814_136071778/ott.mobaibox.com/PLTV/3/224/3221227723/index.m3u8?
CCTV15 音乐[1920*1080],http://dbiptv.sn.chinamobile.com/PLTV/88888890/224/3221225785/index.m3u8
CCTV15 音乐[1920*1080],http://zteres.sn.chinamobile.com:6060/000000001000/1000000005000265014/1.m3u8?channel-id=ystenlive&Contentid=1000000005000265014&livemode=1&stbId=3
CCTV15 音乐[1920*1080],http://dbiptv.sn.chinamobile.com/PLTV/88888888/224/3221225785/1.m3u8
CCTV-15 音乐[1920*1080],http://2409:8087:7000:20::4:80/dbiptv.sn.chinamobile.com/PLTV/88888888/224/3221225785/1.m3u8
CCTV15[1920*1080],http://2409:8087:5e01:34::20:6610/ZTE_CMS/00000001000000060000000000000501/index.m3u8?IAS
CCTV15[1920*1080],http://2409:8087:5e01:34::21:6610/ZTE_CMS/00000001000000060000000000000501/index.m3u8?IAS
CCTV15[1920*1080],http://2409:8087:5e01:34::22:6610/ZTE_CMS/00000001000000060000000000000501/index.m3u8?IAS
CCTV15[1920*1080],http://2409:8087:5e01:34::23:6610/ZTE_CMS/00000001000000060000000000000501/index.m3u8?IAS
CCTV15[1920*1080],http://2409:8087:2001:20:2800:0:df6e:eb0a:80/wh7f454c46tw2053177814_136071778/ott.mobaibox.com/PLTV/3/224/3221227723/index.m3u8?icpid=3&RTS=1674386463&from=40&popid=40&hms_devid=2038&prioritypopid=40&vqe=3
CCTV15[1920*1080],http://2409:8087:7004:20:1000::22:6610/yinhe/2/ch00000090990000001020/index.m3u8?virtualDomain=yinhe.live_hls.zte.com
CCTV15[1920*1080],http://2409:8087:7000:20:1000::22:6060/yinhe/2/ch00000090990000001020/index.m3u8?virtualDomain=yinhe.live_hls.zte.com
CCTV15[1920*1080],http://39.134.24.162/dbiptv.sn.chinamobile.com/PLTV/88888890/224/3221225785/index.m3u8
CCTV15[768*576],http://2409:8087:5e01:34::21:6610/ZTE_CMS/00000001000000060000000000000337/index.m3u8?IAS
CCTV15[768*576],http://2409:8087:5e01:34::22:6610/ZTE_CMS/00000001000000060000000000000337/index.m3u8?IAS
CCTV15[768*576],http://2409:8087:5e01:34::23:6610/ZTE_CMS/00000001000000060000000000000337/index.m3u8?IAS
CCTV15[768*576],http://2409:8087:5e01:34::20:6610/ZTE_CMS/00000001000000060000000000000337/index.m3u8?IAS
CCTV-15_音乐[1920*1080],http://2409:8087:7001:20:3::4:80/dbiptv.sn.chinamobile.com/PLTV/88888888/224/3221225785/index.m3u8
CCTV16 [1920*1080],http://2409:8087:3869:8021:1001::e5:6610/PLTV/88888910/224/3221226230/index.m3u8
CCTV16 [1920*1080],http://2409:8087:2001:20:2800:0:df6e:eb15:80/wh7f454c46tw2571298525_-1215675140/ott.mobaibox.com/PLTV/3/224/3221228112/index.m3u8?icpid=3&RTS=1674386981&from=40&popid=40&hms_devid=2115&prioritypopid=40&vqe=3
CCTV16 [1920*1080],http://2409:8087:2001:20:2800:0:df6e:eb1a:80/wh7f454c46tw465056087_375752967/ott.mobaibox.com/PLTV/3/224/3221228112/index.m3u8?icpid=3&RTS=1674466479&from=40&popid=40&hms_devid=2116&prioritypopid=40&vqe=3
CCTV16 [1920*1080],http://2409:8087:3869:8021:1001::e5:6610/PLTV/88888910/224/3221226233/index.m3u8
CCTV16 奥林匹克 4K[1280*720],http://2409:8087:2001:20:2800:0:df6e:eb19:80/PLTV/1/224/3221230957/1.m3u8
CCTV16 奥林匹克 4K[3840*2160],http://2409:8087:2001:20:2800:0:df6e:eb04:80/wh7f454c46tw3303805862_1451729760/ott.mobaibox.com/PLTV/3/224/3221228314/index.m3u8?icpid=3&RTS=1674379124&from=40&popid=40&hms_devid=2041&prioritypopid=40&vqe=3
CCTV16 奥林匹克 4K[3840*2160],http://2409:8087:2001:20:2800:0:df6e:eb08:80/PLTV/1/224/3221230934/1.m3u8
CCTV16 奥林匹克 4K[3840*2160],http://2409:8087:2001:20:2800:0:df6e:eb09:80/PLTV/1/224/3221230934/1.m3u8
CCTV16 奥林匹克 4K[3840*2160],http://2409:8087:2001:20:2800:0:df6e:eb05:80/PLTV/1/224/3221230984/1.m3u8
CCTV16 奥林匹克[1920*1080],http://2409:8087:2001:20:2800:0:df6e:eb19:80/wh7f454c46tw1269761993_1267691970/ott.mobaibox.com/PLTV/3/224/3221228320/index.m3u8?
CCTV16 奥林匹克[1920*1080],http://2409:8087:2001:20:2800:0:df6e:eb0a:80/wh7f454c46tw1312175710_-1555934560/ott.mobaibox.com/PLTV/3/224/3221228144/index.m3u8?
CCTV16 奥林匹克[1920*1080],http://2409:8087:2001:20:2800:0:df6e:eb15:80/wh7f454c46tw2571298525_-1215675140/ott.mobaibox.com/PLTV/3/224/3221228112/index.m3u8?
CCTV16 奥林匹克[1920*1080],http://2409:8087:2001:20:2800:0:df6e:eb1a:80/wh7f454c46tw465056087_375752967/ott.mobaibox.com/PLTV/3/224/3221228112/index.m3u8?
CCTV16 奥林匹克[1920*1080],http://dbiptv.sn.chinamobile.com/PLTV/88888890/224/3221226921/index.m3u8
CCTV16 奥林匹克[1920*1080],http://ottrrs.hl.chinamobile.com/PLTV/88888888/224/3221226100/index.m3u8
CCTV16 奥林匹克[1920*1080],http://dbiptv.sn.chinamobile.com/PLTV/88888888/224/3221226921/1.m3u8
CCTV16[1920*1080],http://2409:8087:2001:20:2800:0:df6e:eb19:80/wh7f454c46tw1269761993_1267691970/ott.mobaibox.com/PLTV/3/224/3221228320/index.m3u8?icpid=3&RTS=1674381385&from=40&popid=40&hms_devid=2113&prioritypopid=40&vqe=3
CCTV16[1920*1080],http://2409:8087:2001:20:2800:0:df6e:eb0a:80/wh7f454c46tw1312175710_-1555934560/ott.mobaibox.com/PLTV/3/224/3221228144/index.m3u8?icpid=3&RTS=1674381427&from=40&popid=40&hms_devid=2038&prioritypopid=40&vqe=3
CCTV16[1920*1080],http://2409:8087:7004:20:1000::22:6610/yinhe/2/ch00000090990000002395/index.m3u8?virtualDomain=yinhe.live_hls.zte.com
CCTV16[1920*1080],http://2409:8087:7000:20:1000::22:6060/yinhe/2/ch00000090990000002395/index.m3u8?virtualDomain=yinhe.live_hls.zte.com
CCTV16[1920*1080],http://39.134.24.162/dbiptv.sn.chinamobile.com/PLTV/88888890/224/3221226921/index.m3u8
CCTV16[1920*1080],http://zteres.sn.chinamobile.com:6060/000000001000/5000000008000023254/1.m3u8?channel-id=bestzb&Contentid=5000000008000023254&livemode=1&stbId=3
CCTV16_4K[1920*1080],http://2409:8087:2001:20:2800:0:df6e:eb17:80/ott.mobaibox.com/PLTV/4/224/3221228112/index.m3u8
CCTV-16_奥林匹克[1920*1080],http://2409:8087:7001:20:3::9:80/dbiptv.sn.chinamobile.com/PLTV/88888888/224/3221226921/index.m3u8
CCTV16-4K 25M2160[3840*2160],http://2409:8087:2001:20:2800:0:df6e:eb1b:80/wh7f454c46tw3324980988_-41690276/ott.mobaibox.com/PLTV/3/224/3221228168/index.m3u8?icpid=3&RTS=1674379145&from=40&popid=40&hms_devid=2116&prioritypopid=40&vqe=3
CCTV16-4K 34M[1280*720],http://2409:8087:2001:20:2800:0:df6e:eb19:80/wh7f454c46tw3797101779_1427264412/ott.mobaibox.com/PLTV/3/224/3221228127/index.m3u8?icpid=4&RTS=1674379617&from=40&popid=40&hms_devid=2113&prioritypopid=40&vqe=3
CCTV17 [1920*1080],http://2409:8087:2001:20:2800:0:df6e:eb11:80/wh7f454c46tw1333382053_-338475462/ott.mobaibox.com/PLTV/3/224/3221227578/index.m3u8?icpid=3&RTS=1674381448&from=40&popid=40&hms_devid=2110&prioritypopid=40&vqe=3
CCTV17 [1920*1080],http://2409:8087:2001:20:2800:0:df6e:eb16:80/wh7f454c46tw1539643182_-109940761/ott.mobaibox.com/PLTV/3/224/3221227589/index.m3u8?icpid=3&RTS=1674385950&from=40&popid=40&hms_devid=2114&prioritypopid=40&vqe=3
CCTV17 [1920*1080],http://2409:8087:2001:20:2800:0:df6e:eb16:80/wh7f454c46tw2053469942_-1661734644/ott.mobaibox.com/PLTV/3/224/3221227592/index.m3u8?icpid=3&RTS=1674386463&from=40&popid=40&hms_devid=2114&prioritypopid=40&vqe=3
CCTV17 [1920*1080],http://2409:8087:3869:8021:1001::e5:6610/PLTV/88888910/224/3221225907/index.m3u8
CCTV17 [1920*1080],http://2409:8087:3869:8021:1001::e5:6610/PLTV/88888910/224/3221225908/index.m3u8
CCTV17 [1920*1080],http://2409:8087:3869:8021:1001::e5:6610/PLTV/88888910/224/3221225909/index.m3u8
CCTV17 576[1047*576],http://2409:8087:2001:20:2800:0:df6e:eb11:80/wh7f454c46tw338785573_-277210593/ott.mobaibox.com/PLTV/3/224/3221227639/index.m3u8?icpid=3&RTS=1674380454&from=40&popid=40&hms_devid=2110&prioritypopid=40&vqe=3
CCTV17 农业农村[1920*1080],http://2409:8087:2001:20:2800:0:df6e:eb11:80/wh7f454c46tw1333382053_-338475462/ott.mobaibox.com/PLTV/3/224/3221227578/index.m3u8?
CCTV17 农业农村[1920*1080],http://2409:8087:2001:20:2800:0:df6e:eb16:80/wh7f454c46tw1539643182_-109940761/ott.mobaibox.com/PLTV/3/224/3221227589/index.m3u8?
CCTV17 农业农村[1920*1080],http://2409:8087:2001:20:2800:0:df6e:eb16:80/wh7f454c46tw2053469942_-1661734644/ott.mobaibox.com/PLTV/3/224/3221227592/index.m3u8?
CCTV17 农业农村[1920*1080],http://39.134.66.110/PLTV/88888888/224/3221225708/index.m3u8
CCTV17 农业农村[1920*1080],http://dbiptv.sn.chinamobile.com/PLTV/88888890/224/3221226198/index.m3u8
CCTV17 农业农村[1920*1080],http://ottrrs.hl.chinamobile.com/PLTV/88888888/224/3221225765/index.m3u8
CCTV17 农业农村[1920*1080],http://zteres.sn.chinamobile.com:6060/000000001000/1000000005000265015/1.m3u8?channel-id=ystenlive&Contentid=1000000005000265015&livemode=1&stbId=3
CCTV17 农业农村[1920*1080],http://dbiptv.sn.chinamobile.com/PLTV/88888888/224/3221226198/1.m3u8
CCTV17[1047*576],http://2409:8087:7000:20:1000::22:6060/yinhe/2/ch00000090990000001301/index.m3u8?virtualDomain=yinhe.live_hls.zte.com
CCTV17[1920*1080],http://2409:8087:5e01:34::22:6610/ZTE_CMS/00000001000000060000000000000494/index.m3u8?IAS
CCTV17[1920*1080],http://2409:8087:5e01:34::20:6610/ZTE_CMS/00000001000000060000000000000494/index.m3u8?IAS
CCTV17[1920*1080],http://2409:8087:5e01:34::23:6610/ZTE_CMS/00000001000000060000000000000494/index.m3u8?IAS
CCTV17[1920*1080],http://2409:8087:5e01:34::21:6610/ZTE_CMS/00000001000000060000000000000494/index.m3u8?IAS
CCTV17[1920*1080],http://2409:8087:2001:20:2800:0:df6e:eb0b:80/wh7f454c46tw1746687450_313977963/ott.mobaibox.com/PLTV/3/224/3221227726/index.m3u8?icpid=3&RTS=1674386157&from=40&popid=40&hms_devid=2038&prioritypopid=40&vqe=3
CCTV17[1920*1080],http://2409:8087:7004:20:1000::22:6610/yinhe/2/ch00000090990000001295/index.m3u8?virtualDomain=yinhe.live_hls.zte.com
CCTV17[1920*1080],http://2409:8087:7000:20:1000::22:6060/yinhe/2/ch00000090990000001295/index.m3u8?virtualDomain=yinhe.live_hls.zte.com
CCTV17[1920*1080],http://2409:8087:2001:20:2800:0:df6e:eb17:80/ott.mobaibox.com/PLTV/4/224/3221227592/index.m3u8
CCTV17[768*576],http://2409:8087:5e01:34::23:6610/ZTE_CMS/00000001000000060000000000000495/index.m3u8?IAS
CCTV17[768*576],http://2409:8087:5e01:34::22:6610/ZTE_CMS/00000001000000060000000000000495/index.m3u8?IAS
CCTV17[768*576],http://2409:8087:5e01:34::20:6610/ZTE_CMS/00000001000000060000000000000495/index.m3u8?IAS
CCTV17[768*576],http://2409:8087:5e01:34::21:6610/ZTE_CMS/00000001000000060000000000000495/index.m3u8?IAS
CCTV-17_农业农村[1920*1080],http://2409:8087:7001:20:3::5:80/dbiptv.sn.chinamobile.com/PLTV/88888888/224/3221226198/index.m3u8
CCTV2 [1920*1080],http://2409:8087:3869:8021:1001::e5:6610/PLTV/88888910/224/3221225619/index.m3u8
CCTV2 [1920*1080],http://2409:8087:2001:20:2800:0:df6e:eb0a:80/wh7f454c46tw2171563166_1731827918/ott.mobaibox.com/PLTV/3/224/3221227427/index.m3u8?icpid=3&RTS=1674386581&from=40&popid=40&hms_devid=2038&prioritypopid=40&vqe=3
CCTV2 [1920*1080],http://2409:8087:2001:20:2800:0:df6e:eb0e:80/wh7f454c46tw1529316470_522388216/ott.mobaibox.com/PLTV/3/224/3221227696/index.m3u8?icpid=3&RTS=1674385939&from=40&popid=40&hms_devid=2111&prioritypopid=40&vqe=3
CCTV2 [1920*1080],http://2409:8087:3869:8021:1001::e5:6610/PLTV/88888910/224/3221225500/index.m3u8?fmt=ts2hls
CCTV2 [1920*1080],http://2409:8087:3869:8021:1001::e5:6610/PLTV/88888910/224/3221225643/index.m3u8
CCTV2 12M1080[1920*1080],http://2409:8087:2001:20:2800:0:df6e:eb17:80/wh7f454c46tw1925564042_904960692/ott.mobaibox.com/PLTV/3/224/3221228094/index.m3u8?icpid=3&RTS=1674386335&from=40&popid=40&hms_devid=2114&prioritypopid=40&vqe=3
CCTV2 576[1047*576],http://2409:8087:7000:20:1000::22:6060/yinhe/2/ch00000090990000001021/index.m3u8?virtualDomain=yinhe.live_hls.zte.com
CCTV2 576[1047*576],http://2409:8087:7000:20:1000::22:6060/yinhe/2/ch00000090990000001840/index.m3u8?virtualDomain=yinhe.live_hls.zte.com
CCTV2 8M[1920*1080],http://2409:8087:2001:20:2800:0:df6e:eb1a:80/wh7f454c46tw3967193921_-498281574/ott.mobaibox.com/PLTV/3/224/3221228118/index.m3u8?icpid=3&RTS=1674379787&from=40&ocs=2_2409:8087:2001:20:2800:0:df6e:eb18_80&popid=40&hms_devid=2116&prioritypopid=40&vqe=3
CCTV2 8M[1920*1080],http://2409:8087:2001:20:2800:0:df6e:eb23:80/wh7f454c46tw1529547736_77479836/ott.mobaibox.com/PLTV/3/224/3221228300/index.m3u8?icpid=3&RTS=1674385939&from=40&popid=40&hms_devid=2291&prioritypopid=40&vqe=3
CCTV2 财经[1920*1080],http://39.134.24.162/dbiptv.sn.chinamobile.com/PLTV/88888888/224/3221226195/1.m3u8
CCTV2 财经[1920*1080],http://39.134.24.162/dbiptv.sn.chinamobile.com/PLTV/88888888/224/3221226224/1.m3u8
CCTV2 财经[1920*1080],http://ottrrs.hl.chinamobile.com/PLTV/88888888/224/3221226540/index.m3u8
CCTV2 财经[1920*1080],http://zteres.sn.chinamobile.com:6060/000000001000/1000000001000023315/1.m3u8?channel-id=ystenlive&Contentid=1000000001000023315&livemode=1&stbId=3
CCTV2 财经[1920*1080],http://dbiptv.sn.chinamobile.com/PLTV/88888890/224/3221226195/index.m3u8
CCTV2 财经[1920*1080],http://dbiptv.sn.chinamobile.com/PLTV/88888888/224/3221226195/1.m3u8
CCTV2[1920*1080],http://2409:8087:5e01:34::22:6610/ZTE_CMS/00000001000000060000000000000372/index.m3u8?IAS
